Initial Point:
  x: 0.237099394202
  y: 0.372370868921
  z: 0.57826089859
orientation: 
  x: 0.0498233951364
  y: -0.00260980955774
  z: -0.039337669017
  w: 0.997979642071



